133297 133297
133297.4375 133297.3906
133297.4375 133297.3906
133297.4375 133297.3906
133297.4531 133297.3906
133297.4531 133297.3906
133297.4531 133297.3906
133297.4531 133297.3906
133297.4688 133297.3906
133297.4688 133297.3906
133297.4688 133297.3906
133297.4844 133297.3906
133297.4844 133297.3906
133297.4844 133297.3906
133297.5 133297.5938
133297.5 133297.5938
133297.5 133297.5938
133297.5156 133297.5938
133297.5156 133297.5938
133297.5156 133297.5938
133297.5312 133297.5938
133297.5312 133297.5938
133297.5312 133297.5938
133297.5469 133297.5938
133297.5469 133297.5938
133297.5469 133297.5938
133297.5625 133297.5938
133297.5625 133297.5938
133297.5625 133297.5938
133297.5625 133297.5938
133297.5781 133297.5938
133297.5781 133297.5938
133297.5781 133297.5938
133297.5938 133297.5938
133297.5938 133297.5938
133297.5938 133297.5938
133297.6094 133297.5938
133297.6094 133297.5938
133297.6094 133297.5938
133297.625 133297.5938
133297.625 133297.5938
133297.625 133297.5938
133297.6406 133297.5938
133297.6406 133297.5938
133297.6406 133297.5938
133297.6562 133297.5938
133297.6562 133297.5938
133297.6562 133297.5938
133297.6719 133297.5938
133297.6719 133297.5938
133297.6719 133297.5938
133297.6875 133297.5938
133297.6875 133297.5938
133297.6875 133297.5938
133297.6875 133297.5938
133297.7031 133297.7969
133297.7031 133297.7969
133297.7031 133297.7969
133297.7188 133297.7969
133297.7188 133297.7969
133297.7188 133297.7969
133297.7344 133297.7969
133297.7344 133297.7969
133297.7344 133297.7969
133297.75 133297.7969
133297.75 133297.7969
133297.75 133297.7969
133297.7656 133297.7969
133297.7656 133297.7969
133297.7656 133297.7969
133297.7812 133297.7969
133297.7812 133297.7969
133297.7812 133297.7969
133297.7969 133297.7969
133297.7969 133297.7969
133297.7969 133297.7969
133297.7969 133297.7969
133297.8125 133297.7969
133297.8125 133297.7969
133297.8125 133297.7969
133297.8281 133297.7969
133297.8281 133297.7969
133297.8281 133297.7969
133297.8438 133297.7969
133297.8438 133297.7969
133297.8438 133297.7969
133297.8594 133297.7969
133297.8594 133297.7969
133297.8594 133297.7969
133297.875 133297.7969
133297.875 133297.7969
133297.875 133297.7969
133297.8906 133297.7969
133297.8906 133297.7969
133297.8906 133297.7969
133297.9062 133298
133297.9062 133298
133297.9062 133298
133297.9219 133298
133297.9219 133298
133297.9219 133298
133297.9219 133298
133297.9375 133298
133297.9375 133298
133297.9375 133298
133297.9531 133298
133297.9531 133298
133297.9531 133298
133297.9688 133298
133297.9688 133298
133297.9688 133298
133297.9844 133298
133297.9844 133298
133297.9844 133298
133298 133298
133298 133298
133298 133298
133298.0156 133298
133298.0156 133298
133298.0156 133298
133298.0312 133298
133298.0312 133298
133298.0312 133298
133298.0469 133298
133298.0469 133298
133298.0469 133298
133298.0469 133298
133298.0625 133298
133298.0625 133298
133298.0625 133298
133298.0781 133298
133298.0781 133298
133298.0781 133298
133298.0938 133298
133298.0938 133298
133298.0938 133298
133298.1094 133298.1875
133298.1094 133298.1875
133298.1094 133298.1875
133298.125 133298.1875
133298.125 133298.1875
133298.125 133298.1875
133298.1406 133298.1875
133298.1406 133298.1875
133298.1406 133298.1875
133298.1562 133298.1875
133298.1562 133298.1875
133298.1562 133298.1875
133298.1562 133298.1875
133298.1719 133298.1875
133298.1719 133298.1875
133298.1719 133298.1875
133298.1875 133298.1875
133298.1875 133298.1875
133298.1875 133298.1875
133298.2031 133298.1875
133298.2031 133298.1875
133298.2031 133298.1875
133298.2188 133298.1875
133298.2188 133298.1875
133298.2188 133298.1875
133298.2344 133298.1875
133298.2344 133298.1875
133298.2344 133298.1875
133298.25 133298.1875
133298.25 133298.1875
133298.25 133298.1875
133298.2656 133298.1875
133298.2656 133298.1875
133298.2656 133298.1875
133298.2812 133298.1875
133298.2812 133298.1875
133298.2812 133298.1875
133298.2812 133298.1875
133298.2969 133298.3906
133298.2969 133298.3906
133298.2969 133298.3906
133298.3125 133298.3906
133298.3125 133298.3906
133298.3125 133298.3906
133298.3281 133298.3906
133298.3281 133298.3906
133298.3281 133298.3906
133298.3438 133298.3906
133298.3438 133298.3906
133298.3438 133298.3906
133298.3594 133298.3906
133298.3594 133298.3906
133298.3594 133298.3906
133298.375 133298.3906
133298.375 133298.3906
133298.375 133298.3906
133298.3906 133298.3906
133298.3906 133298.3906
133298.3906 133298.3906
133298.4062 133298.3906
133298.4062 133298.3906
133298.4062 133298.3906
133298.4062 133298.3906
133298.4219 133298.3906
133298.4219 133298.3906
133298.4219 133298.3906
133298.4375 133298.3906
133298.4375 133298.3906
133298.4375 133298.3906
133298.4531 133298.3906
133298.4531 133298.3906
133298.4531 133298.3906
133298.4688 133298.3906
133298.4688 133298.3906
133298.4688 133298.3906
133298.4844 133298.3906
133298.4844 133298.3906
133298.4844 133298.3906
133298.5 133298.5938
133298.5 133298.5938
133298.5 133298.5938
133298.5156 133298.5938
133298.5156 133298.5938
133298.5156 133298.5938
133298.5156 133298.5938
133298.5312 133298.5938
133298.5312 133298.5938
133298.5312 133298.5938
133298.5469 133298.5938
133298.5469 133298.5938
133298.5469 133298.5938
133298.5625 133298.5938
133298.5625 133298.5938
133298.5625 133298.5938
133298.5781 133298.5938
133298.5781 133298.5938
133298.5781 133298.5938
133298.5938 133298.5938
133298.5938 133298.5938
133298.5938 133298.5938
133298.6094 133298.5938
133298.6094 133298.5938
133298.6094 133298.5938
133298.625 133298.5938
133298.625 133298.5938
133298.625 133298.5938
133298.6406 133298.5938
133298.6406 133298.5938
133298.6406 133298.5938
133298.6406 133298.5938
133298.6562 133298.5938
133298.6562 133298.5938
133298.6562 133298.5938
133298.6719 133298.5938
133298.6719 133298.5938
133298.6719 133298.5938
133298.6875 133298.5938
133298.6875 133298.5938
133298.6875 133298.5938
133298.7031 133298.7969
133298.7031 133298.7969
133298.7031 133298.7969
133298.7188 133298.7969
133298.7188 133298.7969
133298.7188 133298.7969
133298.7344 133298.7969
133298.7344 133298.7969
133298.7344 133298.7969
133298.75 133298.7969
133298.75 133298.7969
133298.75 133298.7969
133298.7656 133298.7969
133298.7656 133298.7969
133298.7656 133298.7969
133298.7656 133298.7969
133298.7812 133298.7969
133298.7812 133298.7969
133298.7812 133298.7969
133298.7969 133298.7969
133298.7969 133298.7969
133298.7969 133298.7969
133298.8125 133298.7969
133298.8125 133298.7969
133298.8125 133298.7969
133298.8281 133298.7969
133298.8281 133298.7969
133298.8281 133298.7969
133298.8438 133298.7969
133298.8438 133298.7969
133298.8438 133298.7969
133298.8594 133298.7969
133298.8594 133298.7969
133298.8594 133298.7969
133298.875 133298.7969
133298.875 133298.7969
133298.875 133298.7969
133298.875 133298.7969
133298.8906 133298.7969
133298.8906 133298.7969
133298.8906 133298.7969
133298.9062 133299
133298.9062 133299
133298.9062 133299
133298.9219 133299
133298.9219 133299
133298.9219 133299
133298.9375 133299
133298.9375 133299
133298.9375 133299
133298.9531 133299
133298.9531 133299
133298.9531 133299
133298.9688 133299
133298.9688 133299
133298.9688 133299
133298.9844 133299
133298.9844 133299
133298.9844 133299
133299 133299
133299 133299
133299 133299
133299 133299
133299.0156 133299
133299.0156 133299
133299.0156 133299
133299.0312 133299
133299.0312 133299
133299.0312 133299
133299.0469 133299
133299.0469 133299
133299.0469 133299
133299.0625 133299
133299.0625 133299
133299.0625 133299
133299.0781 133299
133299.0781 133299
133299.0781 133299
133299.0938 133299
133299.0938 133299
133299.0938 133299
133299.1094 133299.1875
133299.1094 133299.1875
133299.1094 133299.1875
133299.125 133299.1875
133299.125 133299.1875
133299.125 133299.1875
133299.125 133299.1875
133299.1406 133299.1875
133299.1406 133299.1875
133299.1406 133299.1875
133299.1562 133299.1875
133299.1562 133299.1875
133299.1562 133299.1875
133299.1719 133299.1875
133299.1719 133299.1875
133299.1719 133299.1875
133299.1875 133299.1875
133299.1875 133299.1875
133299.1875 133299.1875
133299.2031 133299.1875
133299.2031 133299.1875
133299.2031 133299.1875
133299.2188 133299.1875
133299.2188 133299.1875
133299.2188 133299.1875
133299.2344 133299.1875
133299.2344 133299.1875
133299.2344 133299.1875
133299.2344 133299.1875
133299.25 133299.1875
133299.25 133299.1875
133299.25 133299.1875
133299.2656 133299.1875
133299.2656 133299.1875
133299.2656 133299.1875
133299.2812 133299.1875
133299.2812 133299.1875
133299.2812 133299.1875
133299.2969 133299.3906
133299.2969 133299.3906
133299.2969 133299.3906
133299.3125 133299.3906
133299.3125 133299.3906
133299.3125 133299.3906
133299.3281 133299.3906
133299.3281 133299.3906
133299.3281 133299.3906
133299.3438 133299.3906
133299.3438 133299.3906
133299.3438 133299.3906
133299.3594 133299.3906
133299.3594 133299.3906
133299.3594 133299.3906
133299.3594 133299.3906
133299.375 133299.3906
133299.375 133299.3906
133299.375 133299.3906
133299.3906 133299.3906
133299.3906 133299.3906
133299.3906 133299.3906
133299.4062 133299.3906
133299.4062 133299.3906
133299.4062 133299.3906
133299.4219 133299.3906
133299.4219 133299.3906
133299.4219 133299.3906
133299.4375 133299.3906
133299.4375 133299.3906
133299.4375 133299.3906
133299.4531 133299.3906
133299.4531 133299.3906
133299.4531 133299.3906
133299.4688 133299.3906
133299.4688 133299.3906
133299.4688 133299.3906
133299.4844 133299.3906
133299.4844 133299.3906
133299.4844 133299.3906
133299.4844 133299.3906
133299.5 133299.5938
133299.5 133299.5938
133299.5 133299.5938
133299.5156 133299.5938
133299.5156 133299.5938
133299.5156 133299.5938
133299.5312 133299.5938
133299.5312 133299.5938
133299.5312 133299.5938
133299.5469 133299.5938
133299.5469 133299.5938
133299.5469 133299.5938
133299.5625 133299.5938
133299.5625 133299.5938
133299.5625 133299.5938
133299.5781 133299.5938
133299.5781 133299.5938
133299.5781 133299.5938
133299.5938 133299.5938
133299.5938 133299.5938
133299.5938 133299.5938
133299.5938 133299.5938
133299.6094 133299.5938
133299.6094 133299.5938
133299.6094 133299.5938
133299.625 133299.5938
133299.625 133299.5938
133299.625 133299.5938
133299.6406 133299.5938
133299.6406 133299.5938
133299.6406 133299.5938
133299.6562 133299.5938
133299.6562 133299.5938
133299.6562 133299.5938
133299.6719 133299.5938
133299.6719 133299.5938
133299.6719 133299.5938
133299.6875 133299.5938
133299.6875 133299.5938
133299.6875 133299.5938
133299.7031 133299.7969
133299.7031 133299.7969
133299.7031 133299.7969
133299.7188 133299.7969
133299.7188 133299.7969
133299.7188 133299.7969
133299.7188 133299.7969
133299.7344 133299.7969
133299.7344 133299.7969
133299.7344 133299.7969
133299.75 133299.7969
133299.75 133299.7969
133299.75 133299.7969
133299.7656 133299.7969
133299.7656 133299.7969
133299.7656 133299.7969
133299.7812 133299.7969
133299.7812 133299.7969
133299.7812 133299.7969
133299.7969 133299.7969
133299.7969 133299.7969
133299.7969 133299.7969
133299.8125 133299.7969
133299.8125 133299.7969
133299.8125 133299.7969
133299.8281 133299.7969
133299.8281 133299.7969
133299.8281 133299.7969
133299.8438 133299.7969
133299.8438 133299.7969
133299.8438 133299.7969
133299.8438 133299.7969
133299.8594 133299.7969
133299.8594 133299.7969
133299.8594 133299.7969
133299.875 133299.7969
133299.875 133299.7969
133299.875 133299.7969
133299.8906 133299.7969
133299.8906 133299.7969
133299.8906 133299.7969
133299.9062 133300
133299.9062 133300
133299.9062 133300
133299.9219 133300
133299.9219 133300
133299.9219 133300
133299.9375 133300
133299.9375 133300
133299.9375 133300
133299.9531 133300
133299.9531 133300
133299.9531 133300
133299.9531 133300
133299.9688 133300
133299.9688 133300
133299.9688 133300
133299.9844 133300
133299.9844 133300
133299.9844 133300
133300 133300
133300 133300
133300 133300
133300.0156 133300
133300.0156 133300
133300.0156 133300
133300.0312 133300
133300.0312 133300
133300.0312 133300
133300.0469 133300
133300.0469 133300
133300.0469 133300
133300.0625 133300
133300.0625 133300
133300.0625 133300
133300.0781 133300
133300.0781 133300
133300.0781 133300
133300.0781 133300
133300.0938 133300
133300.0938 133300
133300.0938 133300
133300.1094 133300.1875
133300.1094 133300.1875
133300.1094 133300.1875
133300.125 133300.1875
133300.125 133300.1875
133300.125 133300.1875
133300.1406 133300.1875
133300.1406 133300.1875
133300.1406 133300.1875
133300.1562 133300.1875
133300.1562 133300.1875
133300.1562 133300.1875
133300.1719 133300.1875
133300.1719 133300.1875
133300.1719 133300.1875
133300.1875 133300.1875
133300.1875 133300.1875
133300.1875 133300.1875
133300.2031 133300.1875
133300.2031 133300.1875
133300.2031 133300.1875
133300.2031 133300.1875
133300.2188 133300.1875
133300.2188 133300.1875
133300.2188 133300.1875
133300.2344 133300.1875
133300.2344 133300.1875
133300.2344 133300.1875
133300.25 133300.1875
133300.25 133300.1875
133300.25 133300.1875
133300.2656 133300.1875
133300.2656 133300.1875
133300.2656 133300.1875
133300.2812 133300.1875
133300.2812 133300.1875
133300.2812 133300.1875
133300.2969 133300.3906
133300.2969 133300.3906
133300.2969 133300.3906
133300.3125 133300.3906
133300.3125 133300.3906
133300.3125 133300.3906
133300.3125 133300.3906
133300.3281 133300.3906
133300.3281 133300.3906
133300.3281 133300.3906
133300.3438 133300.3906
133300.3438 133300.3906
133300.3438 133300.3906
133300.3594 133300.3906
133300.3594 133300.3906
133300.3594 133300.3906
133300.375 133300.3906
133300.375 133300.3906
133300.375 133300.3906
133300.3906 133300.3906
133300.3906 133300.3906
133300.3906 133300.3906
133300.4062 133300.3906
133300.4062 133300.3906
133300.4062 133300.3906
133300.4219 133300.3906
133300.4219 133300.3906
133300.4219 133300.3906
133300.4375 133300.3906
133300.4375 133300.3906
133300.4375 133300.3906
133300.4375 133300.3906
133300.4531 133300.3906
133300.4531 133300.3906
133300.4531 133300.3906
133300.4688 133300.3906
133300.4688 133300.3906
133300.4688 133300.3906
133300.4844 133300.3906
133300.4844 133300.3906
133300.4844 133300.3906
133300.5 133300.5938
133300.5 133300.5938
133300.5 133300.5938
133300.5156 133300.5938
133300.5156 133300.5938
133300.5156 133300.5938
133300.5312 133300.5938
133300.5312 133300.5938
133300.5312 133300.5938
133300.5469 133300.5938
133300.5469 133300.5938
133300.5469 133300.5938
133300.5469 133300.5938
133300.5625 133300.5938
133300.5625 133300.5938
133300.5625 133300.5938
133300.5781 133300.5938
133300.5781 133300.5938
133300.5781 133300.5938
133300.5938 133300.5938
133300.5938 133300.5938
133300.5938 133300.5938
133300.6094 133300.5938
133300.6094 133300.5938
133300.6094 133300.5938
133300.625 133300.5938
133300.625 133300.5938
133300.625 133300.5938
133300.6406 133300.5938
133300.6406 133300.5938
133300.6406 133300.5938
133300.6562 133300.5938
133300.6562 133300.5938
133300.6562 133300.5938
133300.6719 133300.5938
133300.6719 133300.5938
133300.6719 133300.5938
133300.6719 133300.5938
133300.6875 133300.5938
133300.6875 133300.5938
133300.6875 133300.5938
133300.7031 133300.7969
133300.7031 133300.7969
133300.7031 133300.7969
133300.7188 133300.7969
133300.7188 133300.7969
133300.7188 133300.7969
133300.7344 133300.7969
133300.7344 133300.7969
133300.7344 133300.7969
133300.75 133300.7969
133300.75 133300.7969
133300.75 133300.7969
133300.7656 133300.7969
133300.7656 133300.7969
133300.7656 133300.7969
133300.7812 133300.7969
133300.7812 133300.7969
133300.7812 133300.7969
133300.7969 133300.7969
133300.7969 133300.7969
133300.7969 133300.7969
133300.7969 133300.7969
133300.8125 133300.7969
133300.8125 133300.7969
133300.8125 133300.7969
133300.8281 133300.7969
133300.8281 133300.7969
133300.8281 133300.7969
133300.8438 133300.7969
133300.8438 133300.7969
133300.8438 133300.7969
133300.8594 133300.7969
133300.8594 133300.7969
133300.8594 133300.7969
133300.875 133300.7969
133300.875 133300.7969
133300.875 133300.7969
133300.8906 133300.7969
133300.8906 133300.7969
133300.8906 133300.7969
133300.9062 133301
133300.9062 133301
133300.9062 133301
133300.9219 133301
133300.9219 133301
133300.9219 133301
133300.9219 133301
133300.9375 133301
133300.9375 133301
133300.9375 133301
133300.9531 133301
133300.9531 133301
133300.9531 133301
133300.9688 133301
133300.9688 133301
133300.9688 133301
133300.9844 133301
133300.9844 133301
133300.9844 133301
133301 133301
133301 133301
133301 133301
133301.0156 133301
133301.0156 133301
133301.0156 133301
133301.0312 133301
133301.0312 133301
133301.0312 133301
133301.0469 133301
133301.0469 133301
133301.0469 133301
133301.0625 133301
133301.0625 133301
133301.0625 133301
133301.0625 133301
133301.0781 133301
133301.0781 133301
133301.0781 133301
133301.0938 133301
133301.0938 133301
133301.0938 133301
133301.1094 133301.1875
133301.1094 133301.1875
133301.1094 133301.1875
133301.125 133301.1875
133301.125 133301.1875
133301.125 133301.1875
133301.1406 133301.1875
133301.1406 133301.1875
133301.1406 133301.1875
133301.1562 133301.1875
133301.1562 133301.1875
133301.1562 133301.1875
133301.1719 133301.1875
133301.1719 133301.1875
133301.1719 133301.1875
133301.1875 133301.1875
133301.1875 133301.1875
133301.1875 133301.1875
133301.2031 133301.1875
133301.2031 133301.1875
133301.2031 133301.1875
133301.2031 133301.1875
133301.2188 133301.1875
133301.2188 133301.1875
133301.2188 133301.1875
133301.2344 133301.1875
133301.2344 133301.1875
133301.2344 133301.1875
133301.25 133301.1875
133301.25 133301.1875
133301.25 133301.1875
133301.2656 133301.1875
133301.2656 133301.1875
133301.2656 133301.1875
133301.2812 133301.1875
133301.2812 133301.1875
133301.2812 133301.1875
133301.2969 133301.3906
133301.2969 133301.3906
133301.2969 133301.3906
133301.3125 133301.3906
133301.3125 133301.3906
133301.3125 133301.3906
133301.3281 133301.3906
133301.3281 133301.3906
133301.3281 133301.3906
133301.3438 133301.3906
133301.3438 133301.3906
133301.3438 133301.3906
133301.3438 133301.3906
133301.3594 133301.3906
133301.3594 133301.3906
133301.3594 133301.3906
133301.375 133301.3906
133301.375 133301.3906
133301.375 133301.3906
133301.3906 133301.3906
133301.3906 133301.3906
133301.3906 133301.3906
133301.4062 133301.3906
133301.4062 133301.3906
133301.4062 133301.3906
133301.4219 133301.3906
133301.4219 133301.3906
133301.4219 133301.3906
133301.4375 133301.3906
133301.4375 133301.3906
133301.4375 133301.3906
133301.4531 133301.3906
133301.4531 133301.3906
133301.4531 133301.3906
133301.4688 133301.3906
133301.4688 133301.3906
133301.4688 133301.3906
133301.4844 133301.3906
133301.4844 133301.3906
133301.4844 133301.3906
133301.4844 133301.3906
133301.5 133301.5938
133301.5 133301.5938
133301.5 133301.5938
133301.5156 133301.5938
133301.5156 133301.5938
133301.5156 133301.5938
133301.5312 133301.5938
133301.5312 133301.5938
133301.5312 133301.5938
133301.5469 133301.5938
133301.5469 133301.5938
133301.5469 133301.5938
133301.5625 133301.5938
133301.5625 133301.5938
133301.5625 133301.5938
133301.5781 133301.5938
133301.5781 133301.5938
133301.5781 133301.5938
133301.5938 133301.5938
133301.5938 133301.5938
133301.5938 133301.5938
133301.6094 133301.5938
133301.6094 133301.5938
133301.6094 133301.5938
133301.625 133301.5938
133301.625 133301.5938
133301.625 133301.5938
133301.625 133301.5938
133301.6406 133301.5938
133301.6406 133301.5938
133301.6406 133301.5938
133301.6562 133301.5938
133301.6562 133301.5938
133301.6562 133301.5938
133301.6719 133301.5938
133301.6719 133301.5938
133301.6719 133301.5938
133301.6875 133301.5938
133301.6875 133301.5938
133301.6875 133301.5938
133301.7031 133301.7969
133301.7031 133301.7969
133301.7031 133301.7969
133301.7188 133301.7969
133301.7188 133301.7969
133301.7188 133301.7969
133301.7344 133301.7969
133301.7344 133301.7969
133301.7344 133301.7969
133301.75 133301.7969
133301.75 133301.7969
133301.75 133301.7969
133301.7656 133301.7969
133301.7656 133301.7969
133301.7656 133301.7969
133301.7656 133301.7969
133301.7812 133301.7969
133301.7812 133301.7969
133301.7812 133301.7969
133301.7969 133301.7969
133301.7969 133301.7969
133301.7969 133301.7969
133301.8125 133301.7969
133301.8125 133301.7969
133301.8125 133301.7969
133301.8281 133301.7969
133301.8281 133301.7969
133301.8281 133301.7969
133301.8438 133301.7969
133301.8438 133301.7969
133301.8438 133301.7969
133301.8594 133301.7969
133301.8594 133301.7969
133301.8594 133301.7969
133301.875 133301.7969
133301.875 133301.7969
133301.875 133301.7969
133301.8906 133301.7969
133301.8906 133301.7969
133301.8906 133301.7969
133301.8906 133301.7969
133301.9062 133302
133301.9062 133302
133301.9062 133302
133301.9219 133302
133301.9219 133302
133301.9219 133302
133301.9375 133302
133301.9375 133302
133301.9375 133302
133301.9531 133302
133301.9531 133302
133301.9531 133302
133301.9688 133302
133301.9688 133302
133301.9688 133302
133301.9844 133302
133301.9844 133302
133301.9844 133302
133302 133302
133302 133302
133302 133302
133302.0156 133302
133302.0156 133302
133302.0156 133302
133302.0156 133302
133302.0312 133302
133302.0312 133302
133302.0312 133302
133302.0469 133302
133302.0469 133302
133302.0469 133302
133302.0625 133302
133302.0625 133302
133302.0625 133302
133302.0781 133302
133302.0781 133302
133302.0781 133302
133302.0938 133302
133302.0938 133302
133302.0938 133302
133302.1094 133302.1875
133302.1094 133302.1875
133302.1094 133302.1875
133302.125 133302.1875
133302.125 133302.1875
133302.125 133302.1875
133302.1406 133302.1875
133302.1406 133302.1875
133302.1406 133302.1875
133302.1406 133302.1875
133302.1562 133302.1875
133302.1562 133302.1875
133302.1562 133302.1875
133302.1719 133302.1875
133302.1719 133302.1875
133302.1719 133302.1875
133302.1875 133302.1875
133302.1875 133302.1875
133302.1875 133302.1875
133302.2031 133302.1875
133302.2031 133302.1875
133302.2031 133302.1875
133302.2188 133302.1875
133302.2188 133302.1875
133302.2188 133302.1875
133302.2344 133302.1875
133302.2344 133302.1875
133302.2344 133302.1875
133302.25 133302.1875
133302.25 133302.1875
133302.25 133302.1875
133302.25 133302.1875
133302.2656 133302.1875
133302.2656 133302.1875
133302.2656 133302.1875
133302.2812 133302.1875
133302.2812 133302.1875
133302.2812 133302.1875
133302.2969 133302.3906
133302.2969 133302.3906
133302.2969 133302.3906
133302.3125 133302.3906
133302.3125 133302.3906
133302.3125 133302.3906
133302.3281 133302.3906
133302.3281 133302.3906
133302.3281 133302.3906
133302.3438 133302.3906
133302.3438 133302.3906
133302.3438 133302.3906
133302.3594 133302.3906
133302.3594 133302.3906
133302.3594 133302.3906
133302.375 133302.3906
133302.375 133302.3906
133302.375 133302.3906
133302.375 133302.3906
133302.3906 133302.3906
133302.3906 133302.3906
133302.3906 133302.3906
133302.4062 133302.3906
133302.4062 133302.3906
133302.4062 133302.3906
133302.4219 133302.3906
133302.4219 133302.3906
133302.4219 133302.3906
133302.4375 133302.3906
133302.4375 133302.3906
133302.4375 133302.3906
133302.4531 133302.3906
133302.4531 133302.3906
133302.4531 133302.3906
133302.4688 133302.3906
133302.4688 133302.3906
133302.4688 133302.3906
133302.4844 133302.3906
133302.4844 133302.3906
133302.4844 133302.3906
133302.5 133302.5938
133302.5 133302.5938
133302.5 133302.5938
133302.5 133302.5938
133302.5156 133302.5938
133302.5156 133302.5938
133302.5156 133302.5938
133302.5312 133302.5938
133302.5312 133302.5938
133302.5312 133302.5938
133302.5469 133302.5938
133302.5469 133302.5938
133302.5469 133302.5938
133302.5625 133302.5938
133302.5625 133302.5938
133302.5625 133302.5938
133302.5781 133302.5938
133302.5781 133302.5938
133302.5781 133302.5938
133302.5938 133302.5938
133302.5938 133302.5938
133302.5938 133302.5938
133302.6094 133302.5938
133302.6094 133302.5938
133302.6094 133302.5938
133302.625 133302.5938
133302.625 133302.5938
133302.625 133302.5938
133302.625 133302.5938
133302.6406 133302.5938
133302.6406 133302.5938
133302.6406 133302.5938
133302.6562 133302.5938
133302.6562 133302.5938
133302.6562 133302.5938
133302.6719 133302.5938
133302.6719 133302.5938
133302.6719 133302.5938
133302.6875 133302.5938
133302.6875 133302.5938
133302.6875 133302.5938
133302.7031 133302.7969
133302.7031 133302.7969
133302.7031 133302.7969
133302.7188 133302.7969
133302.7188 133302.7969
133302.7188 133302.7969
133302.7344 133302.7969
133302.7344 133302.7969
133302.7344 133302.7969
133302.75 133302.7969
133302.75 133302.7969
133302.75 133302.7969
133302.75 133302.7969
133302.7656 133302.7969
133302.7656 133302.7969
133302.7656 133302.7969
133302.7812 133302.7969
133302.7812 133302.7969
133302.7812 133302.7969
133302.7969 133302.7969
133302.7969 133302.7969
133302.7969 133302.7969
133302.8125 133302.7969
133302.8125 133302.7969
133302.8125 133302.7969
133302.8281 133302.7969
133302.8281 133302.7969
133302.8281 133302.7969
133302.8438 133302.7969
133302.8438 133302.7969
133302.8438 133302.7969
133302.8594 133302.7969
133302.8594 133302.7969
133302.8594 133302.7969
133302.875 133302.7969
133302.875 133302.7969
133302.875 133302.7969
133302.875 133302.7969
133302.8906 133302.7969
133302.8906 133302.7969
133302.8906 133302.7969
133302.9062 133303
133302.9062 133303
133302.9062 133303
133302.9219 133303
133302.9219 133303
133302.9219 133303
133302.9375 133303
133302.9375 133303
133302.9375 133303
133302.9531 133303
133302.9531 133303
133302.9531 133303
133302.9688 133303
133302.9688 133303
133302.9688 133303
133302.9844 133303
133302.9844 133303
133302.9844 133303
133303 133303
133303 133303
133303 133303
133303.0156 133303
133303.0156 133303
133303.0156 133303
133303.0156 133303
133303.0312 133303
133303.0312 133303
133303.0312 133303
133303.0469 133303
133303.0469 133303
133303.0469 133303
133303.0625 133303
133303.0625 133303
133303.0625 133303
133303.0781 133303
133303.0781 133303
133303.0781 133303
133303.0938 133303
133303.0938 133303
133303.0938 133303
133303.1094 133303.1875
133303.1094 133303.1875
133303.1094 133303.1875
133303.125 133303.1875
133303.125 133303.1875
133303.125 133303.1875
133303.1406 133303.1875
133303.1406 133303.1875
133303.1406 133303.1875
133303.1562 133303.1875
133303.1562 133303.1875
133303.1562 133303.1875
133303.1562 133303.1875
133303.1719 133303.1875
133303.1719 133303.1875
133303.1719 133303.1875
133303.1875 133303.1875
133303.1875 133303.1875
133303.1875 133303.1875
133303.2031 133303.1875
133303.2031 133303.1875
133303.2031 133303.1875
133303.2188 133303.1875
133303.2188 133303.1875
133303.2188 133303.1875
133303.2344 133303.1875
133303.2344 133303.1875
133303.2344 133303.1875
133303.25 133303.1875
133303.25 133303.1875
133303.25 133303.1875
133303.2656 133303.1875
133303.2656 133303.1875
133303.2656 133303.1875
133303.2812 133303.1875
133303.2812 133303.1875
133303.2812 133303.1875
133303.2969 133303.3906
133303.2969 133303.3906
133303.2969 133303.3906
133303.2969 133303.3906
133303.3125 133303.3906
133303.3125 133303.3906
133303.3125 133303.3906
133303.3281 133303.3906
133303.3281 133303.3906
133303.3281 133303.3906
133303.3438 133303.3906
133303.3438 133303.3906
133303.3438 133303.3906
133303.3594 133303.3906
133303.3594 133303.3906
133303.3594 133303.3906
133303.375 133303.3906
133303.375 133303.3906
133303.375 133303.3906
133303.3906 133303.3906
133303.3906 133303.3906
133303.3906 133303.3906
133303.4062 133303.3906
133303.4062 133303.3906
133303.4062 133303.3906
133303.4219 133303.3906
133303.4219 133303.3906
133303.4219 133303.3906
133303.4375 133303.3906
133303.4375 133303.3906
133303.4375 133303.3906
133303.4531 133303.3906
133303.4531 133303.3906
133303.4531 133303.3906
133303.4531 133303.3906
133303.4688 133303.3906
133303.4688 133303.3906
133303.4688 133303.3906
133303.4844 133303.3906
133303.4844 133303.3906
133303.4844 133303.3906
133303.5 133303.5938
133303.5 133303.5938
133303.5 133303.5938
133303.5156 133303.5938
133303.5156 133303.5938
133303.5156 133303.5938
133303.5312 133303.5938
133303.5312 133303.5938
133303.5312 133303.5938
133303.5469 133303.5938
133303.5469 133303.5938
133303.5469 133303.5938
133303.5625 133303.5938
133303.5625 133303.5938
133303.5625 133303.5938
133303.5781 133303.5938
133303.5781 133303.5938
133303.5781 133303.5938
133303.5938 133303.5938
133303.5938 133303.5938
133303.5938 133303.5938
133303.5938 133303.5938
133303.6094 133303.5938
133303.6094 133303.5938
133303.6094 133303.5938
133303.625 133303.5938
133303.625 133303.5938
133303.625 133303.5938
133303.6406 133303.5938
133303.6406 133303.5938
133303.6406 133303.5938
133303.6562 133303.5938
133303.6562 133303.5938
133303.6562 133303.5938
133303.6719 133303.5938
133303.6719 133303.5938
133303.6719 133303.5938
133303.6875 133303.5938
133303.6875 133303.5938
133303.6875 133303.5938
133303.7031 133303.7969
133303.7031 133303.7969
133303.7031 133303.7969
133303.7188 133303.7969
133303.7188 133303.7969
133303.7188 133303.7969
133303.7344 133303.7969
133303.7344 133303.7969
133303.7344 133303.7969
133303.75 133303.7969
133303.75 133303.7969
133303.75 133303.7969
133303.75 133303.7969
133303.7656 133303.7969
133303.7656 133303.7969
133303.7656 133303.7969
133303.7812 133303.7969
133303.7812 133303.7969
133303.7812 133303.7969
133303.7969 133303.7969
133303.7969 133303.7969
133303.7969 133303.7969
133303.8125 133303.7969
133303.8125 133303.7969
133303.8125 133303.7969
133303.8281 133303.7969
133303.8281 133303.7969
133303.8281 133303.7969
133303.8438 133303.7969
133303.8438 133303.7969
133303.8438 133303.7969
133303.8594 133303.7969
133303.8594 133303.7969
133303.8594 133303.7969
133303.875 133303.7969
133303.875 133303.7969
133303.875 133303.7969
133303.875 133303.7969
133303.8906 133303.7969
133303.8906 133303.7969
133303.8906 133303.7969
133303.9062 133304
133303.9062 133304
133303.9062 133304
133303.9219 133304
133303.9219 133304
133303.9219 133304
133303.9375 133304
133303.9375 133304
133303.9375 133304
133303.9531 133304
133303.9531 133304
133303.9531 133304
133303.9688 133304
133303.9688 133304
133303.9688 133304
133303.9844 133304
133303.9844 133304
133303.9844 133304
133304 133304
133304 133304
133304 133304
133304 133304
133304.0156 133304
133304.0156 133304
133304.0156 133304
133304.0312 133304
133304.0312 133304
133304.0312 133304
133304.0469 133304
133304.0469 133304
133304.0469 133304
133304.0625 133304
133304.0625 133304
133304.0625 133304
133304.0781 133304
133304.0781 133304
133304.0781 133304
133304.0938 133304
133304.0938 133304
133304.0938 133304
133304.1094 133304.1875
133304.1094 133304.1875
133304.1094 133304.1875
133304.125 133304.1875
133304.125 133304.1875
133304.125 133304.1875
133304.125 133304.1875
133304.1406 133304.1875
133304.1406 133304.1875
133304.1406 133304.1875
133304.1562 133304.1875
133304.1562 133304.1875
133304.1562 133304.1875
133304.1719 133304.1875
133304.1719 133304.1875
133304.1719 133304.1875
133304.1875 133304.1875
133304.1875 133304.1875
133304.1875 133304.1875
133304.2031 133304.1875
133304.2031 133304.1875
133304.2031 133304.1875
133304.2188 133304.1875
133304.2188 133304.1875
133304.2188 133304.1875
133304.2344 133304.1875
133304.2344 133304.1875
133304.2344 133304.1875
133304.25 133304.1875
133304.25 133304.1875
133304.25 133304.1875
133304.25 133304.1875
133304.2656 133304.1875
133304.2656 133304.1875
133304.2656 133304.1875
133304.2812 133304.1875
133304.2812 133304.1875
133304.2812 133304.1875
133304.2969 133304.3906
133304.2969 133304.3906
133304.2969 133304.3906
133304.3125 133304.3906
133304.3125 133304.3906
133304.3125 133304.3906
133304.3281 133304.3906
133304.3281 133304.3906
133304.3281 133304.3906
133304.3438 133304.3906
133304.3438 133304.3906
133304.3438 133304.3906
133304.3594 133304.3906
133304.3594 133304.3906
133304.3594 133304.3906
133304.375 133304.3906
133304.375 133304.3906
133304.375 133304.3906
133304.3906 133304.3906
133304.3906 133304.3906
133304.3906 133304.3906
133304.3906 133304.3906
133304.4062 133304.3906
133304.4062 133304.3906
133304.4062 133304.3906
133304.4219 133304.3906
133304.4219 133304.3906
133304.4219 133304.3906
133304.4375 133304.3906
133304.4375 133304.3906
133304.4375 133304.3906
133304.4531 133304.3906
133304.4531 133304.3906
133304.4531 133304.3906
133304.4688 133304.3906
133304.4688 133304.3906
133304.4688 133304.3906
133304.4844 133304.3906
133304.4844 133304.3906
133304.4844 133304.3906
133304.5 133304.5938
133304.5 133304.5938
133304.5 133304.5938
133304.5156 133304.5938
133304.5156 133304.5938
133304.5156 133304.5938
133304.5156 133304.5938
133304.5312 133304.5938
133304.5312 133304.5938
133304.5312 133304.5938
133304.5469 133304.5938
133304.5469 133304.5938
133304.5469 133304.5938
133304.5625 133304.5938
133304.5625 133304.5938
133304.5625 133304.5938
133304.5781 133304.5938
133304.5781 133304.5938
133304.5781 133304.5938
133304.5938 133304.5938
133304.5938 133304.5938
133304.5938 133304.5938
133304.6094 133304.5938
133304.6094 133304.5938
133304.6094 133304.5938
133304.625 133304.5938
133304.625 133304.5938
133304.625 133304.5938
133304.6406 133304.5938
133304.6406 133304.5938
133304.6406 133304.5938
133304.6406 133304.5938
133304.6562 133304.5938
133304.6562 133304.5938
133304.6562 133304.5938
133304.6719 133304.5938
133304.6719 133304.5938
133304.6719 133304.5938
133304.6875 133304.5938
133304.6875 133304.5938
133304.6875 133304.5938
133304.7031 133304.7969
133304.7031 133304.7969
133304.7031 133304.7969
133304.7188 133304.7969
133304.7188 133304.7969
133304.7188 133304.7969
133304.7344 133304.7969
133304.7344 133304.7969
133304.7344 133304.7969
133304.75 133304.7969
133304.75 133304.7969
133304.75 133304.7969
133304.7656 133304.7969
133304.7656 133304.7969
133304.7656 133304.7969
133304.7656 133304.7969
133304.7812 133304.7969
133304.7812 133304.7969
133304.7812 133304.7969
133304.7969 133304.7969
133304.7969 133304.7969
133304.7969 133304.7969
133304.8125 133304.7969
133304.8125 133304.7969
133304.8125 133304.7969
133304.8281 133304.7969
133304.8281 133304.7969
133304.8281 133304.7969
133304.8438 133304.7969
133304.8438 133304.7969
133304.8438 133304.7969
133304.8594 133304.7969
133304.8594 133304.7969
133304.8594 133304.7969
133304.875 133304.7969
133304.875 133304.7969
133304.875 133304.7969
133304.8906 133304.7969
133304.8906 133304.7969
133304.8906 133304.7969
133304.8906 133304.7969
133304.9062 133305
133304.9062 133305
133304.9062 133305
133304.9219 133305
133304.9219 133305
133304.9219 133305
133304.9375 133305
133304.9375 133305
133304.9375 133305
133304.9531 133305
133304.9531 133305
133304.9531 133305
133304.9688 133305
133304.9688 133305
133304.9688 133305
133304.9844 133305
133304.9844 133305
133304.9844 133305
133305 133305
133305 133305
133305 133305
133305.0156 133305
133305.0156 133305
133305.0156 133305
133305.0156 133305
133305.0312 133305
133305.0312 133305
133305.0312 133305
133305.0469 133305
133305.0469 133305
133305.0469 133305
133305.0625 133305
133305.0625 133305
133305.0625 133305
133305.0781 133305
133305.0781 133305
133305.0781 133305
133305.0938 133305
133305.0938 133305
133305.0938 133305
133305.1094 133305.1875
133305.1094 133305.1875
133305.1094 133305.1875
133305.125 133305.1875
133305.125 133305.1875
133305.125 133305.1875
133305.1406 133305.1875
133305.1406 133305.1875
133305.1406 133305.1875
133305.1406 133305.1875
133305.1562 133305.1875
133305.1562 133305.1875
133305.1562 133305.1875
133305.1719 133305.1875
133305.1719 133305.1875
133305.1719 133305.1875
133305.1875 133305.1875
133305.1875 133305.1875
133305.1875 133305.1875
133305.2031 133305.1875
133305.2031 133305.1875
133305.2031 133305.1875
133305.2188 133305.1875
133305.2188 133305.1875
133305.2188 133305.1875
133305.2344 133305.1875
133305.2344 133305.1875
133305.2344 133305.1875
133305.25 133305.1875
133305.25 133305.1875
133305.25 133305.1875
133305.2656 133305.1875
133305.2656 133305.1875
133305.2656 133305.1875
133305.2656 133305.1875
133305.2812 133305.1875
133305.2812 133305.1875
133305.2812 133305.1875
133305.2969 133305.3906
133305.2969 133305.3906
133305.2969 133305.3906
133305.3125 133305.3906
133305.3125 133305.3906
133305.3125 133305.3906
133305.3281 133305.3906
133305.3281 133305.3906
133305.3281 133305.3906
133305.3438 133305.3906
133305.3438 133305.3906
133305.3438 133305.3906
133305.3594 133305.3906
133305.3594 133305.3906
133305.3594 133305.3906
133305.375 133305.3906
133305.375 133305.3906
133305.375 133305.3906
133305.3906 133305.3906
133305.3906 133305.3906
133305.3906 133305.3906
133305.3906 133305.3906
133305.4062 133305.3906
133305.4062 133305.3906
133305.4062 133305.3906
133305.4219 133305.3906
133305.4219 133305.3906
133305.4219 133305.3906
133305.4375 133305.3906
133305.4375 133305.3906
133305.4375 133305.3906
133305.4531 133305.3906
133305.4531 133305.3906
133305.4531 133305.3906
133305.4688 133305.3906
133305.4688 133305.3906
133305.4688 133305.3906
133305.4844 133305.3906
133305.4844 133305.3906
133305.4844 133305.3906
133305.5 133305.5938
133305.5 133305.5938
133305.5 133305.5938
133305.5156 133305.5938
133305.5156 133305.5938
133305.5156 133305.5938
133305.5156 133305.5938
133305.5312 133305.5938
133305.5312 133305.5938
133305.5312 133305.5938
133305.5469 133305.5938
133305.5469 133305.5938
133305.5469 133305.5938
133305.5625 133305.5938
133305.5625 133305.5938
133305.5625 133305.5938
133305.5781 133305.5938
133305.5781 133305.5938
133305.5781 133305.5938
133305.5938 133305.5938
133305.5938 133305.5938
133305.5938 133305.5938
133305.6094 133305.5938
133305.6094 133305.5938
133305.6094 133305.5938
133305.625 133305.5938
133305.625 133305.5938
133305.625 133305.5938
133305.6406 133305.5938
133305.6406 133305.5938
133305.6406 133305.5938
133305.6406 133305.5938
133305.6562 133305.5938
133305.6562 133305.5938
133305.6562 133305.5938
133305.6719 133305.5938
133305.6719 133305.5938
133305.6719 133305.5938
133305.6875 133305.5938
133305.6875 133305.5938
133305.6875 133305.5938
133305.7031 133305.7969
133305.7031 133305.7969
133305.7031 133305.7969
133305.7188 133305.7969
133305.7188 133305.7969
133305.7188 133305.7969
133305.7344 133305.7969
133305.7344 133305.7969
133305.7344 133305.7969
133305.75 133305.7969
133305.75 133305.7969
133305.75 133305.7969
133305.7656 133305.7969
133305.7656 133305.7969
133305.7656 133305.7969
133305.7656 133305.7969
133305.7812 133305.7969
133305.7812 133305.7969
133305.7812 133305.7969
133305.7969 133305.7969
133305.7969 133305.7969
133305.7969 133305.7969
133305.8125 133305.7969
133305.8125 133305.7969
133305.8125 133305.7969
133305.8281 133305.7969
133305.8281 133305.7969
133305.8281 133305.7969
133305.8438 133305.7969
133305.8438 133305.7969
133305.8438 133305.7969
133305.8594 133305.7969
133305.8594 133305.7969
133305.8594 133305.7969
133305.875 133305.7969
133305.875 133305.7969
133305.875 133305.7969
133305.8906 133305.7969
133305.8906 133305.7969
133305.8906 133305.7969
133305.8906 133305.7969
133305.9062 133306
133305.9062 133306
133305.9062 133306
133305.9219 133306
133305.9219 133306
133305.9219 133306
133305.9375 133306
133305.9375 133306
133305.9375 133306
133305.9531 133306
133305.9531 133306
133305.9531 133306
133305.9688 133306
133305.9688 133306
133305.9688 133306
133305.9844 133306
133305.9844 133306
133305.9844 133306
133306 133306
133306 133306
133306 133306
133306.0156 133306
133306.0156 133306
133306.0156 133306
133306.0156 133306
133306.0312 133306
133306.0312 133306
133306.0312 133306
133306.0469 133306
133306.0469 133306
133306.0469 133306
133306.0625 133306
133306.0625 133306
133306.0625 133306
133306.0781 133306
133306.0781 133306
133306.0781 133306
133306.0938 133306
133306.0938 133306
133306.0938 133306
133306.1094 133306.1875
133306.1094 133306.1875
133306.1094 133306.1875
133306.125 133306.1875
133306.125 133306.1875
133306.125 133306.1875
133306.1406 133306.1875
133306.1406 133306.1875
133306.1406 133306.1875
133306.1406 133306.1875
133306.1562 133306.1875
133306.1562 133306.1875
133306.1562 133306.1875
133306.1719 133306.1875
133306.1719 133306.1875
133306.1719 133306.1875
133306.1875 133306.1875
133306.1875 133306.1875
133306.1875 133306.1875
133306.2031 133306.1875
133306.2031 133306.1875
133306.2031 133306.1875
133306.2188 133306.1875
133306.2188 133306.1875
133306.2188 133306.1875
133306.2344 133306.1875
133306.2344 133306.1875
133306.2344 133306.1875
133306.25 133306.1875
133306.25 133306.1875
133306.25 133306.1875
133306.2656 133306.1875
133306.2656 133306.1875
133306.2656 133306.1875
133306.2656 133306.1875
133306.2812 133306.1875
133306.2812 133306.1875
133306.2812 133306.1875
133306.2969 133306.3906
133306.2969 133306.3906
133306.2969 133306.3906
133306.3125 133306.3906
133306.3125 133306.3906
133306.3125 133306.3906
133306.3281 133306.3906
133306.3281 133306.3906
133306.3281 133306.3906
133306.3438 133306.3906
133306.3438 133306.3906
133306.3438 133306.3906
133306.3594 133306.3906
133306.3594 133306.3906
133306.3594 133306.3906
133306.375 133306.3906
133306.375 133306.3906
133306.375 133306.3906
133306.3906 133306.3906
133306.3906 133306.3906
133306.3906 133306.3906
133306.3906 133306.3906
133306.4062 133306.3906
133306.4062 133306.3906
133306.4062 133306.3906
133306.4219 133306.3906
133306.4219 133306.3906
133306.4219 133306.3906
133306.4375 133306.3906
133306.4375 133306.3906
133306.4375 133306.3906
133306.4531 133306.3906
133306.4531 133306.3906
133306.4531 133306.3906
133306.4688 133306.3906
133306.4688 133306.3906
133306.4688 133306.3906
133306.4844 133306.3906
133306.4844 133306.3906
133306.4844 133306.3906
133306.5 133306.5938
133306.5 133306.5938
133306.5 133306.5938
133306.5156 133306.5938
133306.5156 133306.5938
133306.5156 133306.5938
133306.5156 133306.5938
133306.5312 133306.5938
133306.5312 133306.5938
133306.5312 133306.5938
133306.5469 133306.5938
133306.5469 133306.5938
133306.5469 133306.5938
133306.5625 133306.5938
133306.5625 133306.5938
133306.5625 133306.5938
133306.5781 133306.5938
133306.5781 133306.5938
133306.5781 133306.5938
133306.5938 133306.5938
133306.5938 133306.5938
133306.5938 133306.5938
133306.6094 133306.5938
133306.6094 133306.5938
133306.6094 133306.5938
133306.625 133306.5938
133306.625 133306.5938
133306.625 133306.5938
133306.6406 133306.5938
133306.6406 133306.5938
133306.6406 133306.5938
133306.6406 133306.5938
133306.6562 133306.5938
133306.6562 133306.5938
133306.6562 133306.5938
133306.6719 133306.5938
133306.6719 133306.5938
133306.6719 133306.5938
133306.6875 133306.5938
133306.6875 133306.5938
133306.6875 133306.5938
133306.7031 133306.7969
133306.7031 133306.7969
133306.7031 133306.7969
133306.7188 133306.7969
133306.7188 133306.7969
133306.7188 133306.7969
133306.7344 133306.7969
133306.7344 133306.7969
133306.7344 133306.7969
133306.75 133306.7969
133306.75 133306.7969
133306.75 133306.7969
133306.7656 133306.7969
133306.7656 133306.7969
133306.7656 133306.7969
133306.7656 133306.7969
133306.7812 133306.7969
133306.7812 133306.7969
133306.7812 133306.7969
133306.7969 133306.7969
133306.7969 133306.7969
133306.7969 133306.7969
133306.8125 133306.7969
133306.8125 133306.7969
133306.8125 133306.7969
133306.8281 133306.7969
133306.8281 133306.7969
133306.8281 133306.7969
133306.8438 133306.7969
133306.8438 133306.7969
133306.8438 133306.7969
133306.8594 133306.7969
133306.8594 133306.7969
133306.8594 133306.7969
133306.875 133306.7969
133306.875 133306.7969
133306.875 133306.7969
133306.8906 133306.7969
133306.8906 133306.7969
133306.8906 133306.7969
133306.8906 133306.7969
133306.9062 133307
133306.9062 133307
133306.9062 133307
133306.9219 133307
133306.9219 133307
133306.9219 133307
133306.9375 133307
133306.9375 133307
133306.9375 133307
133306.9531 133307
133306.9531 133307
133306.9531 133307
133306.9688 133307
133306.9688 133307
133306.9688 133307
133306.9844 133307
133306.9844 133307
133306.9844 133307
133307 133307
133307 133307
133307 133307
133307.0156 133307
133307.0156 133307
133307.0156 133307
133307.0156 133307
133307.0312 133307
133307.0312 133307
133307.0312 133307
133307.0469 133307
133307.0469 133307
133307.0469 133307
133307.0625 133307
133307.0625 133307
133307.0625 133307
133307.0781 133307
133307.0781 133307
133307.0781 133307
133307.0938 133307
133307.0938 133307
133307.0938 133307
133307.1094 133307.1875
133307.1094 133307.1875
133307.1094 133307.1875
133307.125 133307.1875
133307.125 133307.1875
133307.125 133307.1875
133307.1406 133307.1875
133307.1406 133307.1875
133307.1406 133307.1875
133307.1406 133307.1875
133307.1562 133307.1875
133307.1562 133307.1875
133307.1562 133307.1875
133307.1719 133307.1875
133307.1719 133307.1875
133307.1719 133307.1875
133307.1875 133307.1875
133307.1875 133307.1875
133307.1875 133307.1875
133307.2031 133307.1875
133307.2031 133307.1875
133307.2031 133307.1875
133307.2188 133307.1875
133307.2188 133307.1875
133307.2188 133307.1875
133307.2344 133307.1875
133307.2344 133307.1875
133307.2344 133307.1875
133307.25 133307.1875
133307.25 133307.1875
133307.25 133307.1875
133307.2656 133307.1875
133307.2656 133307.1875
133307.2656 133307.1875
133307.2812 133307.1875
133307.2812 133307.1875
133307.2812 133307.1875
133307.2812 133307.1875
133307.2969 133307.3906
133307.2969 133307.3906
133307.2969 133307.3906
133307.3125 133307.3906
133307.3125 133307.3906
133307.3125 133307.3906
133307.3281 133307.3906
133307.3281 133307.3906
133307.3281 133307.3906
133307.3438 133307.3906
133307.3438 133307.3906
133307.3438 133307.3906
133307.3594 133307.3906
133307.3594 133307.3906
133307.3594 133307.3906
133307.375 133307.3906
133307.375 133307.3906
133307.375 133307.3906
133307.3906 133307.3906
133307.3906 133307.3906
133307.3906 133307.3906
133307.4062 133307.3906
133307.4062 133307.3906
133307.4062 133307.3906
133307.4062 133307.3906
133307.4219 133307.3906
133307.4219 133307.3906
133307.4219 133307.3906
133307.4375 133307.3906
133307.4375 133307.3906
133307.4375 133307.3906
133307.4531 133307.3906
133307.4531 133307.3906
133307.4531 133307.3906
133307.4688 133307.3906
133307.4688 133307.3906
133307.4688 133307.3906
133307.4844 133307.3906
133307.4844 133307.3906
133307.4844 133307.3906
133307.5 133307.5938
133307.5 133307.5938
133307.5 133307.5938
133307.5156 133307.5938
133307.5156 133307.5938
133307.5156 133307.5938
133307.5312 133307.5938
133307.5312 133307.5938
133307.5312 133307.5938
133307.5312 133307.5938
133307.5469 133307.5938
133307.5469 133307.5938
133307.5469 133307.5938
133307.5625 133307.5938
133307.5625 133307.5938
133307.5625 133307.5938
133307.5781 133307.5938
133307.5781 133307.5938
133307.5781 133307.5938
133307.5938 133307.5938
133307.5938 133307.5938
133307.5938 133307.5938
133307.6094 133307.5938
133307.6094 133307.5938
133307.6094 133307.5938
133307.625 133307.5938
133307.625 133307.5938
133307.625 133307.5938
133307.6406 133307.5938
133307.6406 133307.5938
133307.6406 133307.5938
133307.6562 133307.5938
133307.6562 133307.5938
133307.6562 133307.5938
133307.6562 133307.5938
133307.6719 133307.5938
133307.6719 133307.5938
133307.6719 133307.5938
133307.6875 133307.5938
133307.6875 133307.5938
133307.6875 133307.5938
133307.7031 133307.7969
133307.7031 133307.7969
133307.7031 133307.7969
133307.7188 133307.7969
133307.7188 133307.7969
133307.7188 133307.7969
133307.7344 133307.7969
133307.7344 133307.7969
133307.7344 133307.7969
133307.75 133307.7969
133307.75 133307.7969
133307.75 133307.7969
133307.7656 133307.7969
133307.7656 133307.7969
133307.7656 133307.7969
133307.7812 133307.7969
133307.7812 133307.7969
133307.7812 133307.7969
133307.7812 133307.7969
133307.7969 133307.7969
133307.7969 133307.7969
133307.7969 133307.7969
133307.8125 133307.7969
133307.8125 133307.7969
133307.8125 133307.7969
133307.8281 133307.7969
133307.8281 133307.7969
133307.8281 133307.7969
133307.8438 133307.7969
133307.8438 133307.7969
133307.8438 133307.7969
133307.8594 133307.7969
133307.8594 133307.7969
133307.8594 133307.7969
133307.875 133307.7969
133307.875 133307.7969
133307.875 133307.7969
133307.8906 133307.7969
133307.8906 133307.7969
133307.8906 133307.7969
133307.9062 133308
133307.9062 133308
133307.9062 133308
133307.9219 133308
133307.9219 133308
133307.9219 133308
133307.9219 133308
133307.9375 133308
133307.9375 133308
133307.9375 133308
133307.9531 133308
133307.9531 133308
133307.9531 133308
133307.9688 133308
133307.9688 133308
133307.9688 133308
133307.9844 133308
133307.9844 133308
133307.9844 133308
133308 133308
133308 133308
133308 133308
133308.0156 133308
133308.0156 133308
133308.0156 133308
133308.0312 133308
133308.0312 133308
133308.0312 133308
133308.0469 133308
133308.0469 133308
133308.0469 133308
133308.0469 133308
133308.0625 133308
133308.0625 133308
133308.0625 133308
133308.0781 133308
133308.0781 133308
133308.0781 133308
133308.0938 133308
133308.0938 133308
133308.0938 133308
133308.1094 133308.1875
133308.1094 133308.1875
133308.1094 133308.1875
133308.125 133308.1875
133308.125 133308.1875
133308.125 133308.1875
133308.1406 133308.1875
133308.1406 133308.1875
133308.1406 133308.1875
133308.1562 133308.1875
133308.1562 133308.1875
133308.1562 133308.1875
133308.1719 133308.1875
133308.1719 133308.1875
133308.1719 133308.1875
133308.1719 133308.1875
133308.1875 133308.1875
133308.1875 133308.1875
133308.1875 133308.1875
133308.2031 133308.1875
133308.2031 133308.1875
133308.2031 133308.1875
133308.2188 133308.1875
133308.2188 133308.1875
133308.2188 133308.1875
133308.2344 133308.1875
133308.2344 133308.1875
133308.2344 133308.1875
133308.25 133308.1875
133308.25 133308.1875
133308.25 133308.1875
133308.2656 133308.1875
133308.2656 133308.1875
133308.2656 133308.1875
133308.2812 133308.1875
133308.2812 133308.1875
133308.2812 133308.1875
133308.2969 133308.3906
133308.2969 133308.3906
133308.2969 133308.3906
133308.2969 133308.3906
133308.3125 133308.3906
133308.3125 133308.3906
133308.3125 133308.3906
133308.3281 133308.3906
133308.3281 133308.3906
133308.3281 133308.3906
133308.3438 133308.3906
133308.3438 133308.3906
133308.3438 133308.3906
133308.3594 133308.3906
133308.3594 133308.3906
133308.3594 133308.3906
133308.375 133308.3906
133308.375 133308.3906
133308.375 133308.3906
133308.3906 133308.3906
133308.3906 133308.3906
133308.3906 133308.3906
133308.4062 133308.3906
133308.4062 133308.3906
133308.4062 133308.3906
133308.4219 133308.3906
133308.4219 133308.3906
133308.4219 133308.3906
133308.4219 133308.3906
133308.4375 133308.3906
133308.4375 133308.3906
133308.4375 133308.3906
133308.4531 133308.3906
133308.4531 133308.3906
133308.4531 133308.3906
133308.4688 133308.3906
133308.4688 133308.3906
133308.4688 133308.3906
133308.4844 133308.3906
133308.4844 133308.3906
133308.4844 133308.3906
133308.5 133308.5938
133308.5 133308.5938
133308.5 133308.5938
133308.5156 133308.5938
133308.5156 133308.5938
133308.5156 133308.5938
133308.5312 133308.5938
133308.5312 133308.5938
133308.5312 133308.5938
133308.5469 133308.5938
133308.5469 133308.5938
133308.5469 133308.5938
133308.5469 133308.5938
133308.5625 133308.5938
133308.5625 133308.5938
133308.5625 133308.5938
133308.5781 133308.5938
133308.5781 133308.5938
133308.5781 133308.5938
133308.5938 133308.5938
133308.5938 133308.5938
133308.5938 133308.5938
133308.6094 133308.5938
133308.6094 133308.5938
133308.6094 133308.5938
133308.625 133308.5938
133308.625 133308.5938
133308.625 133308.5938
133308.6406 133308.5938
133308.6406 133308.5938
133308.6406 133308.5938
133308.6562 133308.5938
133308.6562 133308.5938
133308.6562 133308.5938
133308.6719 133308.5938
133308.6719 133308.5938
133308.6719 133308.5938
133308.6719 133308.5938
133308.6875 133308.5938
133308.6875 133308.5938
133308.6875 133308.5938
133308.7031 133308.7969
133308.7031 133308.7969
133308.7031 133308.7969
133308.7188 133308.7969
133308.7188 133308.7969
133308.7188 133308.7969
133308.7344 133308.7969
133308.7344 133308.7969
133308.7344 133308.7969
133308.75 133308.7969
133308.75 133308.7969
133308.75 133308.7969
133308.7656 133308.7969
133308.7656 133308.7969
133308.7656 133308.7969
133308.7812 133308.7969
133308.7812 133308.7969
133308.7812 133308.7969
133308.7969 133308.7969
133308.7969 133308.7969
133308.7969 133308.7969
133308.7969 133308.7969
133308.8125 133308.7969
133308.8125 133308.7969
133308.8125 133308.7969
133308.8281 133308.7969
133308.8281 133308.7969
133308.8281 133308.7969
133308.8438 133308.7969
133308.8438 133308.7969
133308.8438 133308.7969
133308.8594 133308.7969
133308.8594 133308.7969
133308.8594 133308.7969
133308.875 133308.7969
133308.875 133308.7969
133308.875 133308.7969
133308.8906 133308.7969
133308.8906 133308.7969
133308.8906 133308.7969
133308.9062 133309
133308.9062 133309
133308.9062 133309
133308.9219 133309
133308.9219 133309
133308.9219 133309
133308.9219 133309
133308.9375 133309
133308.9375 133309
133308.9375 133309
133308.9531 133309
133308.9531 133309
133308.9531 133309
133308.9688 133309
133308.9688 133309
133308.9688 133309
133308.9844 133309
133308.9844 133309
133308.9844 133309
133309 133309
133309 133309
133309 133309
133309.0156 133309
133309.0156 133309
133309.0156 133309
133309.0312 133309
133309.0312 133309
133309.0312 133309
133309.0469 133309
133309.0469 133309
133309.0469 133309
133309.0469 133309
133309.0625 133309
133309.0625 133309
133309.0625 133309
133309.0781 133309
133309.0781 133309
133309.0781 133309
133309.0938 133309
133309.0938 133309
133309.0938 133309
133309.1094 133309.1875
133309.1094 133309.1875
133309.1094 133309.1875
133309.125 133309.1875
133309.125 133309.1875
133309.125 133309.1875
133309.1406 133309.1875
133309.1406 133309.1875
133309.1406 133309.1875
133309.1562 133309.1875
133309.1562 133309.1875
133309.1562 133309.1875
133309.1719 133309.1875
133309.1719 133309.1875
133309.1719 133309.1875
133309.1719 133309.1875
133309.1875 133309.1875
133309.1875 133309.1875
133309.1875 133309.1875
133309.2031 133309.1875
133309.2031 133309.1875
133309.2031 133309.1875
133309.2188 133309.1875
133309.2188 133309.1875
133309.2188 133309.1875
133309.2344 133309.1875
133309.2344 133309.1875
133309.2344 133309.1875
133309.25 133309.1875
133309.25 133309.1875
133309.25 133309.1875
133309.2656 133309.1875
133309.2656 133309.1875
133309.2656 133309.1875
133309.2812 133309.1875
133309.2812 133309.1875
133309.2812 133309.1875
133309.2969 133309.3906
133309.2969 133309.3906
133309.2969 133309.3906
133309.2969 133309.3906
133309.3125 133309.3906
133309.3125 133309.3906
133309.3125 133309.3906
133309.3281 133309.3906
133309.3281 133309.3906
133309.3281 133309.3906
133309.3438 133309.3906
133309.3438 133309.3906
133309.3438 133309.3906
133309.3594 133309.3906
133309.3594 133309.3906
133309.3594 133309.3906
133309.375 133309.3906
133309.375 133309.3906
133309.375 133309.3906
133309.3906 133309.3906
133309.3906 133309.3906
133309.3906 133309.3906
133309.4062 133309.3906
133309.4062 133309.3906
133309.4062 133309.3906
133309.4219 133309.3906
133309.4219 133309.3906
133309.4219 133309.3906
133309.4219 133309.3906
133309.4375 133309.3906
133309.4375 133309.3906
133309.4375 133309.3906
133309.4531 133309.3906
133309.4531 133309.3906
133309.4531 133309.3906
133309.4688 133309.3906
133309.4688 133309.3906
133309.4688 133309.3906
133309.4844 133309.3906
133309.4844 133309.3906
133309.4844 133309.3906
133309.5 133309.5938
133309.5 133309.5938
133309.5 133309.5938
133309.5156 133309.5938
133309.5156 133309.5938
133309.5156 133309.5938
133309.5312 133309.5938
133309.5312 133309.5938
133309.5312 133309.5938
133309.5469 133309.5938
133309.5469 133309.5938
133309.5469 133309.5938
133309.5469 133309.5938
